100
6 1 1000000000000000
1 1 1 1 0 100 0
6 1 -100
1 1 1 1 0 100 0
366881 35337 -976978030768253
448467899 478841620 419464876 98254084 89354556 51952469 0
500000 500000 1000000000000000
999999999 999999999 0 0 999999999 1000000000 0
461697 0 1476103984100
489365447 489365447 0 0 489365447 1000000000 0
401779 308916 -921459219150458
886401651 417581354 834112324 364320287 251692409 946946071 0
24784 6802 698242985817539
330170720 232447529 201759030 822442090 88512491 46020811 0
2 2 1000000000000000
1 1 0 0 0 1000000000 0
69413 2429 1000000000000000
158861343 406757806 352522156 940062333 585982287 628364279 0
500000 235400 2701772
4 6 354458024 315557750 979249738 11 0
500000 500000 219380234714063
743720357 547199559 869411312 934465704 450222770 364205961 0
447645 8877 -582754811860324
42570598 170419225 381111434 841722108 223954412 163188989 0
500000 500000 -124220781794869
272408706 732845296 695073063 418106516 444474839 426794547 0
284164 13516 -632202447497771
685889834 850596893 700840932 861736383 451259764 695727713 0
500000 482520 -540106370334484
765518130 986041571 698481320 32024178 527818805 334952349 0
69413 55853 -471557807862284
237717797 362075981 945609999 889818963 817442990 690857601 0
500000 500000 1000000000000000
476890967 134745427 550359907 279700547 626404595 262222373 0
500000 116616 1413507
1 4 599638444 871770244 323756901 11 0
220657 0 835597116234032
271748341 271748341 0 0 271748341 1000000000 0
314651 60910 -637556685131779
434081322 872994110 739335993 16135193 764901448 379306085 0
500000 319163 2655569
4 10 227318693 475795802 672149184 11 0
64810 64810 1000000000000000
749340184 972769495 583614121 252491532 336469636 278092617 0
2 1 1000000000000000
1 1 0 0 0 1000000000 0
401040 393914 929821474298733
295160225 908273529 691532779 201504151 446225119 957395147 0
174729 102357 -21714385778231
103944413 597343098 170327725 958161638 723658005 217689827 0
500000 222505 1000000000000000
909532104 222089367 417110782 693461399 354521230 734719893 0
284070 284070 371437214746423
859508751 682974763 406407047 145229019 205912953 628455075 0
500000 0 705825559016729
726458985 726458985 0 0 726458985 1000000000 0
500000 12223 261956215582368
615683256 741933840 270389377 511209229 710764018 621090375 0
269172 269172 1000000000000000
27618257 2787270 689488795 334515965 246761987 357677931 0
402373 402373 221960030430657
783960237 959631078 392426368 555589363 804912656 508531067 0
273893 6023 -342702163039806
496514426 77128645 808826923 390312968 708775202 20269583 0
500000 125000 125000
1 0 0 1 0 2 0
101445 6771 334258161227941
876489654 96878400 653130000 721576109 174518405 154222039 0
500000 500000 1000000000000000
928909808 876147654 623779488 347684462 95904046 971536399 0
500000 500000 1000000000000000
118933548 784658798 241218146 859349689 845356936 57743635 0
500000 115844 3397699
3 6 336177021 226145900 286977825 11 0
402373 86999 1000000000000000
445127030 489302037 699565007 114346114 641502596 463595653 0
215793 181686 -543694686662023
593495351 293477383 815713415 52008206 914735762 337519461 0
202921 202921 1000000000000000
390616360 782904765 543161434 959024860 381497733 481431599 0
500000 500000 1000000000000000
0 0 0 0 0 1000000000 0
274136 194842 279954535304842
68263060 676549649 599526443 978509023 435053174 235494193 0
500000 0 803285059164330
985203107 985203107 0 0 985203107 1000000000 0
311954 225479 227436784013631
173384865 616679470 610724613 690366963 33817336 92054979 0
39529 37713 151835694784625
290278406 581675683 682927688 26809633 374027189 223447639 0
500000 321447 1000000000000000
728310425 958543758 821988291 733496419 412988227 705544271 0
306596 178404 256129712066862
309533243 761480698 711651194 792063046 299693730 892212859 0
500000 149185 1000000000000000
523702800 666714190 902250988 551393062 180341560 935295439 0
45003 23111 922030266737172
878043690 30915547 143168818 728430007 512788839 365524093 0
131697 75655 -340778234084687
58657808 194175163 984853150 963957201 738281126 803280157 0
500000 0 5354473013695
769765361 769765361 0 0 769765361 1000000000 0
402373 200608 206275431706974
720201092 825983038 349790734 38800804 120234416 716972565 0
500000 0 571447979765123
480489739 480489739 0 0 480489739 1000000000 0
295148 29873 171292586375022
576450745 369164483 226380978 513702214 457775446 609929723 0
500000 0 1000000000000000
1 1 0 1 0 1000000000 0
432998 0 143755990055763
999288585 999288585 0 0 999288585 1000000000 0
267495 194776 -729524006607054
647059385 925241309 14565966 790793399 965683860 279721461 0
484793 444583 169507266699642
736850982 835921930 609047922 703503587 673807093 194305677 0
195202 22222 202592399708282
695757082 555405617 577974396 203816274 742070471 452756719 0
84882 60819 -925985910733453
419497220 127622709 597617279 523134418 564399609 932746651 0
2 0 1000000000000000
1 1 0 0 0 1000000000 0
167067 9350 671202203263296
810871204 622285716 205306847 777287866 761497565 623890369 0
253494 155604 -992584979876706
809583245 907225414 722538266 496470754 514214988 515261411 0
500000 410305 893201
3 6 647518743 824931517 908550768 11 0
153126 115420 54137298707614
814901627 45258290 63075804 559846414 422962457 414669459 0
51018 0 639425252542106
331416317 331416317 0 0 331416317 1000000000 0
500000 415400 1000000000000000
567240037 40652988 36314977 639115558 565275922 314616999 0
433677 307155 -590794391133240
433329872 264030888 363646675 206683437 342576636 295715715 0
297279 297279 1000000000000000
16391935 246038864 742149924 919276676 196830957 64015923 0
280811 185278 493625079989171
939564128 164025559 990713819 584809819 863459578 677360449 0
393152 257977 289881385149944
730153008 693115777 46729704 687051510 926396242 872244667 0
62398 28126 182378603664320
237238502 219198897 314590035 266358796 932125713 779030432 0
435452 259286 -53247939080292
905061811 353978485 8283139 367136166 556387309 982527767 0
284070 91869 1000000000000000
818891679 633335921 834631576 304989940 427279990 105895531 0
452320 333281 419138662597220
714255883 785065009 863671693 754065150 176630854 905392177 0
500000 401453 2541340
7 5 485034049 349352374 153533302 11 0
358775 162995 272096179683026
500561380 620960094 204411796 826794280 455183296 499734929 0
433677 251178 1000000000000000
606522747 742010926 566448792 60226813 675119552 711286173 0
314778 71162 922796990669768
532937342 352925036 186444343 720164258 907552037 408234701 0
409331 152716 582730065213842
790773008 50666450 492500269 899001462 199470520 917916933 0
72677 46337 899146665789065
551838749 608825755 484048724 745722956 582090570 422092997 0
500000 500000 -696407425829713
589359072 736061136 372483538 55958113 822724610 210589189 0
433677 433677 -189480192282183
248479263 163050571 45396333 198427401 227362262 793198231 0
156900 40424 972216751199358
558270424 835570792 276143722 506040459 418241895 63412235 0
69413 69413 -193489699965402
864655565 165824327 19617979 89106087 648463886 979637627 0
500000 294573 870147924284769
408564967 474073023 613297062 581973218 953835803 575684601 0
365 207 297034744273074
180990094 351180494 611901293 943017956 204940997 458443839 0
93605 46940 -711133860747003
521233550 366013794 158343290 889856180 787984123 78443343 0
500000 500000 -603658389425338
685707952 840842237 298727213 332952524 817505935 640540103 0
284070 259361 -525281782775572
674856148 391950475 294013996 358779543 611409609 922874749 0
485698 450324 99790144590411
187444471 224418837 811461721 949331820 735129258 732128163 0
500000 94081 2754772
8 5 283630133 737485 242359296 11 0
500000 185649 177864817186123
961605845 812741884 514513058 381954082 638208606 77940651 0
500000 341677 3538935
4 2 593214765 674178281 251116577 11 0
156741 62987 -380706234263898
787183498 694863320 833083500 614039067 127257275 518060107 0
276683 234429 -702797333052544
262866884 418515945 232965394 397887096 220930023 529854215 0
301550 125711 230862812676
269851273 758197975 766459301 50113146 857867802 76547509 0
500000 500000 1000000000000000
265495041 197993888 623617253 280144770 660836929 299507135 0
83358 57823 75728626774375
365261136 276417912 518694910 792510346 143732836 334975591 0
447890 203010 -475240466118233
649367816 961964637 85831562 218315838 733422321 326265136 0
